m=1000;
b=50;
u=500;
kp=1000;
ki=50;